100.0 1295.79096207
102.25 1333.15474089
104.5 1371.98070304
106.75 1413.27643474
109.0 1458.6791686
111.25 1510.83229814
113.5 1574.02048081
115.75 1655.24653055
118.0 1765.98869555
120.25 1924.58788533
122.5 2156.93022678
124.75 2482.80088498
127.0 2852.0755681
129.25 3050.30752316
131.5 2880.52963608
133.75 2495.79153278
136.0 2132.89704963
138.25 1864.08276451
140.5 1674.84573103
142.75 1538.90694781
145.0 1436.87683235
147.25 1356.53748456
149.5 1290.44949576
151.75 1234.07299442
154.0 1184.60260701
156.25 1140.28290068
158.5 1100.00783055
160.75 1063.08365657
163.0 1029.08670504
165.25 997.777474989
167.5 969.049414506
169.75 942.900135732
172.0 919.418309807
174.25 898.782868873
176.5 881.273507465
178.75 867.293485563
181.0 857.407897947
183.25 852.403405015
185.5 853.379582094
187.75 861.88847886
190.0 880.148954237
192.25 911.377028821
194.5 960.291490387
196.75 1033.8613106
199.0 1142.29472451
201.25 1299.89413286
203.5 1523.97313823
205.75 1825.87236683
208.0 2181.46706364
210.25 2481.923853
212.5 2552.28531776
214.75 2331.85258845
217.0 1958.50079504
219.25 1591.04412139
221.5 1295.28956496
223.75 1074.05177461
226.0 911.209678682
228.25 790.309650404
230.5 698.86838788
232.75 628.194623885
235.0 572.376026385
237.25 527.385645068
239.5 490.448946172
241.75 459.624205061
244.0 433.529432931
246.25 411.164504364
248.5 391.794191257
250.75 374.870225033
253.0 359.978607332
255.25 346.803475179
257.5 335.101988947
259.75 324.686683606
262.0 315.412965442
264.25 307.170229093
266.5 299.875584409
268.75 293.469524315
271.0 287.913098619
273.25 283.186326081
275.5 279.287705689
277.75 276.234797841
280.0 274.065953305
282.25 272.843388483
284.5 272.657958572
286.75 273.636191784
289.0 275.950456773
291.25 279.833602993
293.5 285.600138251
295.75 293.677148945
298.0 304.649984139
300.25 319.33061815
302.5 338.861157378
304.75 364.871800447
307.0 399.721587543
309.25 446.85727241
311.5 511.30993857
313.75 600.231740078
316.0 722.896673338
318.25 888.068426107
320.5 1093.33001371
322.75 1300.82217299
325.0 1421.96848995
327.25 1380.42430141
329.5 1208.66141609
331.75 1003.98843841
334.0 829.375042359
336.25 700.552927273
338.5 612.577316354
340.75 556.773975251
343.0 526.299686271
345.25 517.130362915
347.5 527.946962966
349.75 560.081122935
352.0 617.886546896
354.25 709.722207494
356.5 849.656216077
358.75 1059.43718003
361.0 1367.41037341
363.25 1790.83330221
365.5 2270.40899286
367.75 2579.08357317
370.0 2467.88167416
372.25 2028.89853942
374.5 1546.21968857
376.75 1162.91067005
379.0 889.802977911
381.25 699.622504159
383.5 565.816581227
385.75 469.589248686
388.0 398.653222283
390.25 345.083338947
392.5 303.715308458
394.75 271.119375653
397.0 244.967758874
399.25 223.64571302
401.5 206.009497052
403.75 191.233058003
406.0 178.708975265
408.25 167.983170705
410.5 158.711033055
412.75 150.627385811
415.0 143.525572808
417.25 137.242656755
419.5 131.648785721
421.75 126.639446638
424.0 122.129748352
426.25 118.050151295
428.5 114.3432417
430.75 110.961269187
433.0 107.864248598
435.25 105.018483345
437.5 102.395406767
439.75 99.9706656749
442.0 97.7233899669
444.25 95.6356063721
446.5 93.6917647246
448.75 91.8783527358
451.0 90.1835808564
453.25 88.5971230136
455.5 87.1099021719
457.75 85.7139120659
460.0 84.4020682884
462.25 83.1680833298
464.5 82.0063612605
466.75 80.911908601
469.0 79.8802585961
471.25 78.907406637
473.5 77.9897549942
475.75 77.1240653611
478.0 76.3074179734
480.25 75.5371762884
482.5 74.8109563795
484.75 74.1266003478
487.0 73.4821531646
489.25 72.8758424563
491.5 72.3060608199
493.75 71.7713503234
496.0 71.2703888977
498.25 70.8019783709
500.5 70.3650339364
502.75 69.9585748722
505.0 69.5817163596
507.25 69.2336622702
509.5 68.9136988072
511.75 68.6211889064
514.0 68.3555673124
516.25 68.1163362599
518.5 67.9030616987
520.75 67.7153700097
523.0 67.5529451675
525.25 67.4155263109
527.5 67.3029056893
529.75 67.2149269579
532.0 67.1514837977
534.25 67.1125188434
536.5 67.0980229036
538.75 67.1080344621
541.0 67.142639452
543.25 67.2019712986
545.5 67.2862112284
547.75 67.3955888454
550.0 67.5303829789
552.25 67.6909228106
554.5 67.8775892891
556.75 68.0908168479
559.0 68.3310954422
561.25 68.5989729258
563.5 68.8950577933
565.75 69.2200223178
568.0 69.5746061177
570.25 69.959620195
572.5 70.3759514913
574.75 70.8245680175
577.0 71.3065246204
579.25 71.8229694609
581.5 72.3751512879
583.75 72.9644276094
586.0 73.5922738734
588.25 74.2602937938
590.5 74.970230976
592.75 75.7239820237
595.0 76.5236113381
597.25 77.3713678565
599.5 78.2697040224
601.75 79.2212973266
604.0 80.2290748235
606.25 81.2962410983
608.5 82.4263102512
610.75 83.6231425691
613.0 84.890986688
615.25 86.2345282062
617.5 87.6589459
619.75 89.1699769329
622.0 90.7739927359
624.25 92.4780875977
626.5 94.2901824444
628.75 96.2191468411
631.0 98.2749429296
633.25 100.468795878
635.5 102.813396486
637.75 105.323142957
640.0 108.01443052
642.25 110.905999788
644.5 114.019357422
646.75 117.379286151
649.0 121.014465586
651.25 124.958230787
653.5 129.24950254
655.75 133.933932025
658.0 139.065313313
660.25 144.707330136
662.5 150.935718502
664.75 157.840943166
667.0 165.53150143
669.25 174.137976979
671.5 183.817958356
673.75 194.761889053
676.0 207.199786342
678.25 221.408473394
680.5 237.71836771
682.75 256.517702148
685.0 278.249901617
687.25 303.396082743
689.5 332.428603897
691.75 365.7131917
694.0 403.328977053
696.25 444.777587117
698.5 488.58774492
700.75 531.925918683
703.0 570.502735248
705.25 599.191661525
707.5 613.539831098
709.75 611.598448802
712.0 594.85808748
714.25 567.543044609
716.5 534.834242383
718.75 501.25119751
721.0 469.897067838
723.25 442.471856255
725.5 419.640995339
727.75 401.441159792
730.0 387.589541828
732.25 377.679683649
734.5 371.290345922
736.75 368.038855145
739.0 367.602802521
741.25 369.725325135
743.5 374.212780807
745.75 380.929573126
748.0 389.792538699
750.25 400.766033053
752.5 413.858195099
754.75 429.118555544
757.0 446.637023023
759.25 466.544245888
761.5 489.013361335
763.75 514.263183992
766.0 542.562942556
768.25 574.238742106
770.5 609.682011462
772.75 649.360292101
775.0 693.830841534
777.25 743.757664618
779.5 799.932755864
781.75 863.302538092
784.0 935.00071776
786.25 1016.38903567
788.5 1109.10764521
790.75 1215.13703191
793.0 1336.87335531
795.25 1477.21856267
797.5 1639.68504223
799.75 1828.51091905
802.0 2048.77446025
804.25 2306.48112359
806.5 2608.56898815
808.75 2962.72915214
811.0 3376.85649225
813.25 3857.826311
815.5 4409.15257409
817.75 5027.0208213
820.0 5694.47211635
822.25 6374.64168446
824.5 7006.35362709
826.75 7508.1918487
829.0 7796.6751672
831.25 7815.68945688
833.5 7561.24862299
835.75 7083.38984017
838.0 6463.68270893
840.25 5785.24782563
842.5 5112.56570895
844.75 4485.70312985
847.0 3923.96208542
849.25 3432.58115944
851.5 3008.77549827
853.75 2645.95918339
856.0 2336.28177738
858.25 2071.97638262
860.5 1845.98048983
862.75 1652.15319515
865.0 1485.28761217
867.25 1341.03093334
869.5 1215.77167554
871.75 1106.5234802
874.0 1010.8185242
876.25 926.615194333
878.5 852.220602774
880.75 786.226727071
883.0 727.458321304
885.25 674.930663242
887.5 627.815363001
889.75 585.412704707
892.0 547.129249241
894.25 512.459660746
896.5 480.971920998
898.75 452.295262652
901.0 426.110287941
903.25 402.14084802
905.5 380.14734469
907.75 359.921184762
910.0 341.280171604
912.25 324.064661308
914.5 308.134344908
916.75 293.365545018
919.0 279.648936684
921.25 266.887619283
923.5 254.995479963
925.75 243.895800028
928.0 233.52006445
930.25 223.806941792
932.5 214.701407551
934.75 206.15398858
937.0 198.120110054
939.25 190.559529528
941.5 183.435845189
943.75 176.716067493
946.0 170.370245087
948.25 164.371137368
950.5 158.693927191
952.75 153.315968255
955.0 148.21656247
957.25 143.376763364
959.5 138.779202106
961.75 134.407933251
964.0 130.248297699
966.25 126.286800727
968.5 122.511003232
970.75 118.909424593
973.0 115.471455743
975.25 112.187281276
977.5 109.04780951
979.75 106.04460961
982.0 103.169854969
984.25 100.416272146
986.5 97.7770947479
988.75 95.2460217235
991.0 92.8171795875
993.25 90.4850881658
995.5 88.2446294884
997.75 86.0910195071
