LIST170427A-t15076-5K-35Deg.txt**Raman_Information**
Laser 633 nm
Power 10 perc
Grating 2400 cm-1
Objectif 100 x
Time 60 s
N._Acqu. 30 x
**Sample_Information**
Sample_ID t15076
Sample NdNiO3
Substr NdGaO3
Sam._Inf. 30nm
Sub._Inf. 111
Dist         0.0     1.0     2.0     3.0     4.0     5.0     6.0     7.0     8.0     9.0    10.0    11.0    12.0    13.0    14.0    15.0    16.0    17.0    18.0    19.0    20.0    21.0    22.0    23.0    24.0    25.0    26.0    27.0    28.0    29.0 
    0.0     0.0     0.0     0.0     0.0     0.0     0.0     0.0     0.0     0.0  -0.017     0.0     0.0     0.0     0.0     0.0     0.0     0.0     0.0     0.0     0.0     0.0     0.0     0.0     0.0     0.0     0.0     0.0     0.0     0.0     0.0 
    1.0     0.0     0.0     0.0     0.0     0.0     0.0     0.0     0.0     0.0  0.0098     0.0     0.0     0.0     0.0     0.0     0.0     0.0     0.0     0.0     0.0     0.0     0.0     0.0     0.0     0.0     0.0     0.0     0.0     0.0     0.0 
    2.0     0.0     0.0     0.0     0.0     0.0     0.0     0.0     0.0     0.0 -0.0322     0.0     0.0     0.0     0.0     0.0     0.0     0.0     0.0     0.0     0.0     0.0     0.0     0.0     0.0     0.0     0.0     0.0     0.0     0.0     0.0 
    3.0     0.0     0.0     0.0     0.0     0.0     0.0     0.0     0.0     0.0 -0.0161     0.0     0.0     0.0     0.0     0.0     0.0     0.0     0.0     0.0     0.0     0.0     0.0     0.0     0.0     0.0     0.0     0.0     0.0     0.0     0.0 
    4.0     0.0     0.0     0.0     0.0     0.0     0.0     0.0     0.0     0.0 -0.0231     0.0     0.0     0.0     0.0     0.0     0.0     0.0     0.0     0.0     0.0     0.0     0.0     0.0     0.0     0.0     0.0     0.0     0.0     0.0     0.0 
    5.0     0.0     0.0     0.0     0.0     0.0     0.0     0.0     0.0     0.0 -0.0382     0.0     0.0     0.0     0.0     0.0     0.0     0.0     0.0     0.0     0.0     0.0     0.0     0.0     0.0     0.0     0.0     0.0     0.0     0.0     0.0 
    6.0     0.0     0.0     0.0     0.0     0.0     0.0     0.0     0.0     0.0 -0.0208     0.0     0.0     0.0     0.0     0.0     0.0     0.0     0.0     0.0     0.0     0.0     0.0     0.0     0.0     0.0     0.0     0.0     0.0     0.0     0.0 
    7.0     0.0     0.0     0.0     0.0     0.0     0.0     0.0     0.0     0.0 -0.0049     0.0     0.0     0.0     0.0     0.0     0.0     0.0     0.0     0.0     0.0     0.0     0.0     0.0     0.0     0.0     0.0     0.0     0.0     0.0     0.0 
    8.0     0.0     0.0     0.0     0.0     0.0  0.0059  0.0305     0.0     0.0 -0.0165     0.0     0.0     0.0     0.0     0.0     0.0     0.0     0.0     0.0     0.0     0.0     0.0     0.0     0.0     0.0     0.0     0.0     0.0     0.0     0.0 
    9.0     0.0     0.0     0.0     0.0     0.0  0.0084  0.0549     0.0     0.0 -0.0223     0.0     0.0     0.0     0.0     0.0     0.0     0.0     0.0     0.0     0.0     0.0     0.0     0.0     0.0     0.0     0.0     0.0     0.0     0.0     0.0 
   10.0     0.0     0.0     0.0     0.0     0.0  0.0296  -0.003     0.0     0.0 -0.0412     0.0     0.0     0.0     0.0     0.0     0.0     0.0     0.0     0.0     0.0     0.0     0.0     0.0     0.0     0.0     0.0     0.0     0.0     0.0     0.0 
   11.0     0.0     0.0     0.0     0.0     0.0  0.0123  0.0128     0.0     0.0 -0.0141     0.0     0.0     0.0     0.0     0.0     0.0     0.0     0.0     0.0     0.0     0.0     0.0     0.0     0.0     0.0     0.0     0.0     0.0     0.0     0.0 
   12.0     0.0     0.0     0.0     0.0     0.0  0.0086 -0.0011     0.0     0.0 -0.0116     0.0     0.0     0.0     0.0     0.0     0.0     0.0     0.0     0.0     0.0     0.0     0.0     0.0     0.0     0.0     0.0     0.0     0.0     0.0     0.0 
   13.0     0.0     0.0     0.0     0.0     0.0  0.0095 -0.0213     0.0     0.0 -0.0046     0.0     0.0     0.0     0.0     0.0     0.0     0.0     0.0     0.0     0.0     0.0     0.0     0.0     0.0     0.0     0.0     0.0     0.0     0.0     0.0 
   14.0     0.0     0.0     0.0     0.0     0.0   0.016  0.0291     0.0     0.0 -0.0182     0.0     0.0     0.0     0.0     0.0     0.0     0.0     0.0     0.0     0.0     0.0     0.0     0.0     0.0     0.0     0.0     0.0     0.0     0.0     0.0 
   15.0     0.0     0.0     0.0     0.0     0.0  0.0134 -0.0051     0.0     0.0 -0.0109     0.0     0.0     0.0     0.0     0.0     0.0     0.0     0.0     0.0     0.0     0.0     0.0     0.0     0.0     0.0     0.0     0.0     0.0     0.0     0.0 
   16.0     0.0     0.0     0.0     0.0     0.0  0.0008  0.0068     0.0     0.0 -0.0106     0.0     0.0     0.0     0.0     0.0     0.0     0.0     0.0     0.0     0.0     0.0     0.0     0.0     0.0     0.0     0.0     0.0     0.0     0.0     0.0 
   17.0     0.0     0.0     0.0     0.0     0.0  0.0028  0.0083     0.0     0.0 -0.0039     0.0     0.0     0.0     0.0     0.0     0.0     0.0     0.0     0.0     0.0     0.0     0.0     0.0     0.0     0.0     0.0     0.0     0.0     0.0     0.0 
   18.0     0.0     0.0     0.0     0.0     0.0 -0.0002 -0.0108     0.0     0.0 -0.0038     0.0     0.0     0.0     0.0     0.0     0.0     0.0     0.0     0.0     0.0     0.0     0.0     0.0     0.0     0.0     0.0     0.0     0.0     0.0     0.0 
   19.0     0.0     0.0     0.0     0.0     0.0  0.0004 -0.0148     0.0     0.0 -0.0054     0.0     0.0     0.0     0.0     0.0     0.0     0.0     0.0     0.0     0.0     0.0     0.0     0.0     0.0     0.0     0.0     0.0     0.0     0.0     0.0 
   20.0     0.0     0.0     0.0     0.0     0.0  0.0029 -0.0094     0.0     0.0   0.007     0.0     0.0     0.0     0.0     0.0     0.0     0.0     0.0     0.0     0.0     0.0     0.0     0.0     0.0     0.0     0.0     0.0     0.0     0.0     0.0 
   21.0     0.0     0.0     0.0     0.0     0.0  0.0025 -0.0045     0.0     0.0  0.0067     0.0     0.0     0.0     0.0     0.0     0.0     0.0     0.0     0.0     0.0     0.0     0.0     0.0     0.0     0.0     0.0     0.0     0.0     0.0     0.0 
   22.0     0.0     0.0     0.0     0.0     0.0  0.0032 -0.0241     0.0     0.0  0.0081     0.0     0.0     0.0     0.0     0.0     0.0     0.0     0.0     0.0     0.0     0.0     0.0     0.0     0.0     0.0     0.0     0.0     0.0     0.0     0.0 
   23.0     0.0     0.0     0.0     0.0     0.0  0.0165 -0.0688     0.0     0.0  0.0035     0.0     0.0     0.0     0.0     0.0     0.0     0.0     0.0     0.0     0.0     0.0     0.0     0.0     0.0     0.0     0.0     0.0     0.0     0.0     0.0 
   24.0     0.0     0.0     0.0     0.0     0.0 -0.0013 -0.0004     0.0     0.0  0.0034     0.0     0.0     0.0     0.0     0.0     0.0     0.0     0.0     0.0     0.0     0.0     0.0     0.0     0.0     0.0     0.0     0.0     0.0     0.0     0.0 
   25.0     0.0     0.0     0.0     0.0     0.0 -0.0004 -0.0142     0.0     0.0  0.0031     0.0     0.0     0.0     0.0     0.0     0.0     0.0     0.0     0.0     0.0     0.0     0.0     0.0     0.0     0.0     0.0     0.0     0.0     0.0     0.0 
   26.0     0.0     0.0     0.0     0.0     0.0  0.0009 -0.0109     0.0     0.0  0.0063     0.0     0.0     0.0     0.0     0.0     0.0     0.0     0.0     0.0     0.0     0.0     0.0     0.0     0.0     0.0     0.0     0.0     0.0     0.0     0.0 
   27.0     0.0     0.0     0.0     0.0     0.0 -0.0003  -0.026     0.0     0.0  0.0024     0.0     0.0     0.0     0.0     0.0     0.0     0.0     0.0     0.0     0.0     0.0     0.0     0.0     0.0     0.0     0.0     0.0     0.0     0.0     0.0 
   28.0     0.0     0.0     0.0     0.0     0.0 -0.0017     0.0     0.0     0.0  0.0054     0.0     0.0     0.0     0.0     0.0     0.0     0.0     0.0     0.0     0.0     0.0     0.0     0.0     0.0     0.0     0.0     0.0     0.0     0.0     0.0 
   29.0     0.0     0.0     0.0     0.0     0.0 -0.0006     0.0     0.0     0.0 -0.0011     0.0     0.0     0.0     0.0     0.0     0.0     0.0     0.0     0.0     0.0     0.0     0.0     0.0     0.0     0.0     0.0     0.0     0.0     0.0     0.0 
   30.0     0.0     0.0     0.0     0.0     0.0 -0.0005     0.0     0.0     0.0  0.0019     0.0     0.0     0.0     0.0     0.0     0.0     0.0     0.0     0.0     0.0     0.0     0.0     0.0     0.0     0.0     0.0     0.0     0.0     0.0     0.0 
   31.0     0.0     0.0     0.0     0.0     0.0 -0.0022     0.0     0.0     0.0  0.0028     0.0     0.0     0.0     0.0     0.0     0.0     0.0     0.0     0.0     0.0     0.0     0.0     0.0     0.0     0.0     0.0     0.0     0.0     0.0     0.0 
   32.0     0.0     0.0     0.0     0.0     0.0 -0.0048     0.0     0.0     0.0 -0.0002     0.0     0.0     0.0     0.0     0.0     0.0     0.0     0.0     0.0     0.0     0.0     0.0     0.0     0.0     0.0     0.0     0.0     0.0     0.0     0.0 
   33.0     0.0     0.0     0.0     0.0     0.0 -0.0062     0.0     0.0     0.0  0.0016     0.0     0.0     0.0     0.0     0.0     0.0     0.0     0.0     0.0     0.0     0.0     0.0     0.0     0.0     0.0     0.0     0.0     0.0     0.0     0.0 
   34.0     0.0     0.0     0.0     0.0     0.0 -0.0099     0.0     0.0     0.0  0.0052     0.0     0.0     0.0     0.0     0.0     0.0     0.0     0.0     0.0     0.0     0.0     0.0     0.0     0.0     0.0     0.0     0.0     0.0     0.0     0.0 
   35.0     0.0     0.0     0.0     0.0     0.0 -0.0113     0.0     0.0     0.0  0.0086     0.0     0.0     0.0     0.0     0.0     0.0     0.0     0.0     0.0     0.0     0.0     0.0     0.0     0.0     0.0     0.0     0.0     0.0     0.0     0.0 
   36.0     0.0     0.0     0.0     0.0     0.0 -0.0135     0.0     0.0     0.0   0.003     0.0     0.0     0.0     0.0     0.0     0.0     0.0     0.0     0.0     0.0     0.0     0.0     0.0     0.0     0.0     0.0     0.0     0.0     0.0     0.0 
   37.0     0.0     0.0     0.0     0.0     0.0 -0.0136     0.0     0.0     0.0   0.002     0.0     0.0     0.0     0.0     0.0     0.0     0.0     0.0     0.0     0.0     0.0     0.0     0.0     0.0     0.0     0.0     0.0     0.0     0.0     0.0 
   38.0     0.0     0.0     0.0     0.0     0.0 -0.0164     0.0     0.0     0.0  0.0017     0.0     0.0     0.0     0.0     0.0     0.0     0.0     0.0     0.0     0.0     0.0     0.0     0.0     0.0     0.0     0.0     0.0     0.0     0.0     0.0 
   39.0     0.0     0.0     0.0     0.0     0.0 -0.0173     0.0     0.0     0.0  0.0015     0.0     0.0     0.0     0.0     0.0     0.0     0.0     0.0     0.0     0.0     0.0     0.0     0.0     0.0     0.0     0.0     0.0     0.0     0.0     0.0 
   40.0     0.0     0.0     0.0     0.0     0.0 -0.0186     0.0     0.0     0.0 -0.0035     0.0     0.0     0.0     0.0     0.0     0.0     0.0     0.0     0.0     0.0     0.0     0.0     0.0     0.0     0.0     0.0     0.0     0.0     0.0     0.0 
   41.0     0.0     0.0     0.0     0.0     0.0 -0.0188     0.0     0.0     0.0 -0.0024     0.0     0.0     0.0     0.0     0.0     0.0     0.0     0.0     0.0     0.0     0.0     0.0     0.0     0.0     0.0     0.0     0.0     0.0     0.0     0.0 
   42.0     0.0     0.0     0.0     0.0     0.0 -0.0205     0.0     0.0     0.0 -0.0079     0.0     0.0     0.0     0.0     0.0     0.0     0.0     0.0     0.0     0.0     0.0     0.0     0.0     0.0     0.0     0.0     0.0     0.0     0.0     0.0 
   43.0     0.0     0.0     0.0     0.0     0.0 -0.0236     0.0     0.0     0.0 -0.0046     0.0     0.0     0.0     0.0     0.0     0.0     0.0     0.0     0.0     0.0     0.0     0.0     0.0     0.0     0.0     0.0     0.0     0.0     0.0     0.0 
   44.0     0.0     0.0     0.0     0.0     0.0  -0.024     0.0     0.0     0.0 -0.0023     0.0     0.0     0.0     0.0     0.0     0.0     0.0     0.0     0.0     0.0     0.0     0.0     0.0     0.0     0.0     0.0     0.0     0.0     0.0     0.0 
